# Colors for filenames in lf

# file types (with matching order)
ln      01;36   # LINK
or      31;01   # ORPHAN
tw      38;5;47 # STICKY_OTHER_WRITABLE
ow      38;5;47 # OTHER_WRITABLE
st      01;34   # STICKY
di      01;34   # DIR
pi      33      # FIFO
so      01;35   # SOCK
bd      33;01   # BLK
cd      33;01   # CHR
su      01;32   # SETUID
sg      01;32   # SETGID
ex      01;32   # EXEC
fi      00      # FILE

# archives or compressed
*.tar   38;2;122;130;218
*.tgz   38;2;122;130;218
*.arc   38;2;122;130;218
*.arj   38;2;122;130;218
*.taz   38;2;122;130;218
*.lha   38;2;122;130;218
*.lz4   38;2;122;130;218
*.lzh   38;2;122;130;218
*.lzma  38;2;122;130;218
*.tlz   38;2;122;130;218
*.txz   38;2;122;130;218
*.tzo   38;2;122;130;218
*.t7z   38;2;122;130;218
*.zip   38;2;122;130;218
*.xpi   38;2;122;130;218
*.z     38;2;122;130;218
*.dz    38;2;122;130;218
*.gz    38;2;122;130;218
*.lrz   38;2;122;130;218
*.lz    38;2;122;130;218
*.lzo   38;2;122;130;218
*.xz    38;2;122;130;218
*.zst   38;2;122;130;218
*.tzst  38;2;122;130;218
*.bz2   38;2;122;130;218
*.bz    38;2;122;130;218
*.tbz   38;2;122;130;218
*.tbz2  38;2;122;130;218
*.tz    38;2;122;130;218
*.deb   38;2;122;130;218
*.rpm   38;2;122;130;218
*.jar   38;2;122;130;218
*.war   38;2;122;130;218
*.ear   38;2;122;130;218
*.sar   38;2;122;130;218
*.rar   38;2;122;130;218
*.alz   38;2;122;130;218
*.ace   38;2;122;130;218
*.zoo   38;2;122;130;218
*.cpio  38;2;122;130;218
*.7z    38;2;122;130;218
*.rz    38;2;122;130;218
*.cab   38;2;122;130;218
*.wim   38;2;122;130;218
*.swm   38;2;122;130;218
*.dwm   38;2;122;130;218
*.esd   38;2;122;130;218

# image formats
*.jpg   38;2;104;201;184
*.JPG   38;2;104;201;184
*.jpeg  38;2;104;201;184
*.mjpg  38;2;104;201;184
*.mjpeg 38;2;104;201;184
*.jxl   38;2;104;201;184
*.JXL   38;2;104;201;184
*.webp  38;2;104;201;184
*.gif   38;2;104;201;184
*.bmp   38;2;104;201;184
*.pbm   38;2;104;201;184
*.pgm   38;2;104;201;184
*.ppm   38;2;104;201;184
*.tga   38;2;104;201;184
*.xbm   38;2;104;201;184
*.xpm   38;2;104;201;184
*.tif   38;2;104;201;184
*.tiff  38;2;104;201;184
*.png   38;2;104;201;184
*.svg   38;2;104;201;184
*.svgz  38;2;104;201;184
*.mng   38;2;104;201;184
*.odg   38;2;104;201;184

# video formats
*.pcx   38;2;218;8;255
*.mov   38;2;218;8;255
*.mpg   38;2;218;8;255
*.mpeg  38;2;218;8;255
*.m2v   38;2;218;8;255
*.mkv   38;2;218;8;255
*.webm  38;2;218;8;255
*.ogm   38;2;218;8;255
*.mp4   38;2;218;8;255
*.m4v   38;2;218;8;255
*.mp4v  38;2;218;8;255
*.vob   38;2;218;8;255
*.qt    38;2;218;8;255
*.nuv   38;2;218;8;255
*.wmv   38;2;218;8;255
*.asf   38;2;218;8;255
*.rm    38;2;218;8;255
*.rmvb  38;2;218;8;255
*.flc   38;2;218;8;255
*.avi   38;2;218;8;255
*.fli   38;2;218;8;255
*.flv   38;2;218;8;255
*.gl    38;2;218;8;255
*.dl    38;2;218;8;255
*.xcf   38;2;218;8;255
*.xwd   38;2;218;8;255
*.yuv   38;2;218;8;255
*.cgm   38;2;218;8;255
*.emf   38;2;218;8;255
*.ogv   38;2;218;8;255
*.ogx   38;2;218;8;255

# audio formats
*.aac   00;36
*.au    00;36
*.flac  00;36
*.m4a   00;36
*.mid   00;36
*.midi  00;36
*.mka   00;36
*.mp3   00;36
*.mpc   00;36
*.ogg   00;36
*.ra    00;36
*.wav   00;36
*.oga   00;36
*.opus  00;36
*.spx   00;36
*.xspf  00;36

# other formats
*.pdf    38;2;249;46;73
*.PDF    38;2;249;46;73
*.ps     38;2;249;46;73
*.epub   38;2;249;46;73
*.mobi   38;2;249;46;73
*.ods    92
*.xls    92
*.XLS    92
*.xlsx   92
*.XLSX   92
*.odt    94
*.doc    94
*.DOC    94
*.docx   94
*.DOCX   94
*.odp    38;2;249;62;0
*.ppt    38;2;249;62;0
*.PPT    38;2;249;62;0
*.pptx   38;2;249;62;0
*.PPTX   38;2;249;62;0
*.iso    38;5;221
*.img    38;5;221
*.py     38;5;220
*.lua    38;5;39
*.js     38;5;226
*.htm    38;5;202
*.html   38;5;202
*.shtml  38;5;202
*.xhtml  38;5;202
*.css    38;5;39
*.go     38;5;39
*.php    38;5;75
*.tex    38;5;36
*.c      38;2;121;168;244
*.cpp    38;2;141;116;244
*.cs     38;2;203;121;244
*.nim    38;5;220
*.nims   38;5;220
*.r      38;5;39
*.R      38;5;39
*.rs     38;2;225;105;0
*.pl     38;2;0;115;255
*.raku   38;2;225;0;221
*.m      38;2;225;43;7
*.java   38;2;225;136;0
*.scala  38;5;196
*.rb     38;5;196
*.vim    32
*.sql    38;5;249
*.sqlite 38;5;249
*.db     38;5;249
*.odb    38;5;249
*.apk    38;5;82
*.apk    38;5;82
*.jl     38;5;147
*.hs     38;5;133
*.lhs    38;5;133
*.blend  38;5;208
*.org    38;2;120;214;151
*.el     38;2;159;126;254
